1.2009073
0.70225586
-0.6767328
1.8360928
2.148458
1.0805694
1.6315169
-0.42811532
-0.4802583
-0.46706482
0.47861148
-0.14992698
-0.7950218
0.62922167
2.2014619
-0.15843814
-0.74491856
-0.98769027
2.504149
0.70133139
4.7454454
-2.0919982
2.8822342
-1.7686175
1.244961
-1.1942377
-1.511658
-0.95413133
1.2135719
-0.189212
1.8512423
-1.17569
-1.4012662
-1.1981731
0.40724747
3.4210893
-0.75380961
0.85805622
-1.506323
-1.1623895
-1.376498
-0.87091861
-0.17868836
-0.78122971
-1.1708935
-0.1236388
2.6076029
-0.0094189669
1.0545725
-1.2202886
1.1161103
-1.1274815
-0.16382717
3.2741889
0.88493797
-1.125457
1.1343127
-1.3091572
0.73432361
-0.36929234
1.6221446
-1.6669143
3.451023
1.1317402
-1.4304299
0.79548682
-0.71602019
2.538504
-0.59730708
-0.9571088
-1.4716733
2.0017762
0.1130976
-1.6778247
0.078620296
2.233768
-0.011718416
2.9823078
-1.2822926
1.7464067
2.1353541
0.29546625
0.51249157
-1.2135028
-0.53828243
-1.477063
1.5084638
-1.4104858
-0.66220632
-0.7876456
-0.92903159
-1.2003464
-1.5814381
-0.21961107
0.85200105
3.971814
0.61877738
0.054043988
3.1982364
0.98883206
-0.80855897
-0.23528553
-0.27833168
-0.70874969
3.1945167
-1.8678264
-1.3800696
-1.1845515
-0.35964382
1.5838837
-0.28137346
0.87113156
2.2609826
2.666293
3.4955107
-1.7113683
3.4159437
-1.7060818
0.62905339
2.7516859
2.6546974
-0.87720885
-1.4762048
-1.3125816
-1.1363854
0.8553288
2.8443071
-1.2244386
-0.62860275
-0.40564327
2.6026121
0.21160176
0.73899559
1.1873728
-0.94491908
-0.72691104
2.5741748
-0.74391166
1.3479839
-0.34517891
-0.57930543
2.275515
2.4414026
0.0040246649
1.4187562
-1.0668305
-1.2164779
-0.9734021
2.4598586
-1.5009197
-1.3427266
-1.8049056
0.12070874
-0.52194971
-1.9018695
1.1330819
2.472723
-0.024211493
-1.5649581
-1.1546918
-0.63791619
-0.85974981
-1.8686575
-0.60177365
4.7137136
-0.9130894
0.79385122
-1.156624
2.7432857
0.47529222
-0.93950241
2.8426897
1.0347641
0.056427786
0.32195065
3.1704634
2.4267194
-1.1309285
0.86924217
2.1315984
-1.0745549
-0.65353027
-1.0270571
-0.58765364
-0.86530935
-0.40690865
3.2544982
2.463605
-0.094915316
3.4901287
2.6270473
-1.0081283
-0.37784258
-1.452114
0.22063436
2.0707154
-0.99587266
-0.36351723
-1.3193311
-0.13245729
-1.4142669
-0.76839414
