0.99355456
-0.99370573
-0.99909222
-1.0001948
-1.0023735
1.0074947
1.0094018
-1.0004885
-1.0021216
-1.0019178
-1.0010895
1.0107904
-1.0021384
1.0033099
0.9995742
-1.0012165
1.003329
-1.0016906
1.0026597
1.0057571
0.9986432
1.005917
-1.002717
1.0037079
-1.0014814
-1.0004362
-1.002608
-0.99767319
1.0091236
1.0006833
0.98990622
0.99952987
0.99988812
-1.0076736
1.0130976
1.0018604
1.0068262
-1.0001713
1.0136412
-1.000396
-1.0040182
1.0028016
-1.0016698
-1.0040261
-1.0058723
0.99480778
-1.0035176
-1.0005954
1.0062522
-1.0012863
-1.0022517
-1.0005552
0.99410693
1.0014915
1.0105183
-0.999252
-1.0002449
1.009921
-1.0008584
-1.0016915
1.0096841
0.9948934
-1.0030817
-1.0012868
0.99874801
1.0093952
0.9998742
1.0038459
1.0133208
1.0089621
-1.0017906
-1.0025306
-0.99851873
-0.99826643
-1.0029004
-1.0029579
0.99761218
1.0036425
-0.99807288
-1.0018046
1.0081415
1.0026473
0.99370722
1.0027116
1.0033052
-1.0031483
1.0049769
1.017175
0.99837205
-1.0010913
-0.99880764
-1.0017641
-1.0035986
1.0103903
1.0021606
-1.0045199
0.999623
0.99741368
1.0030014
1.0072689
1.0014578
-0.9977823
1.0065174
-1.0097112
-0.99699349
-1.0022317
1.0019779
-0.9996788
0.99875068
0.99829507
-0.99729876
1.0089368
-0.9994337
-1.0016699
-1.0026769
-1.0022369
0.99997662
-0.99877155
-0.99426124
-1.0017892
1.008132
-1.0008522
-1.0052296
-1.0017319
-1.0003829
-1.0039776
-1.0007764
1.0083006
1.003953
-0.9999054
1.0114048
1.0004816
0.99924486
-1.0030143
0.9980052
1.002568
-1.0004468
-1.0036681
1.004013
-0.99875283
1.0017751
1.00956
-0.99933737
-1.0014412
0.99970914
1.0056602
1.0015912
0.99926464
0.99598771
-1.0029004
1.0013893
0.99527084
-1.0005547
-1.0055053
1.0078176
1.0094509
-1.0004577
-1.0003216
-1.0008168
1.0102512
-1.0039007
-1.0012549
-0.9983993
-1.0023994
0.9996883
-0.99851715
-1.0027305
-1.0004594
1.0009151
0.99994307
0.99755419
-1.0026198
1.00606
-1.0016852
-1.0018856
1.0143191
-0.99775874
1.0152409
-1.0007182
-1.0019665
0.99874291
1.0015636
1.0048217
1.0007983
1.0063508
-0.99904257
-0.99922876
-1.0031733
-0.99973619
-0.99645856
-1.004167
-1.0016034
1.0032675
-1.0033644
-1.0017058
-1.0025016
0.99848972
-1.0036604
1.016645
0.99993166
0.99928971
