2.6583376
-0.8935788
-1.0758618
-1.1030985
-1.0871289
0.13470791
0.69562087
0.95933892
-1.8920885
1.1162143
-1.0574
0.66823226
0.9815318
-1.5307667
-0.17242185
1.5505547
1.062679
2.0481229
-1.3582366
0.64091407
1.1007554
0.60134789
-1.1562153
-0.59937642
-0.68547025
-0.49097211
-1.8654895
-0.56276589
-1.2124935
-1.3019537
0.94019486
0.0059041377
1.1259459
-1.4819123
-0.75270834
-1.1236729
-0.097802736
0.51852791
2.1190286
0.6142931
-1.8182632
1.9620075
0.69569911
-1.4807024
-0.84266816
-1.0849274
2.5087482
1.5674912
-0.10131479
-1.0761656
-1.5848409
-1.4162756
1.0955139
1.502415
2.2362159
2.8832082
-0.75031961
-0.54778155
2.2331195
2.9827755
-1.3203987
2.3368396
1.0719209
2.4948366
-1.5831376
-0.96630019
-0.65893575
1.1096674
-0.1241591
-0.39027939
-1.0253871
-0.79456412
0.29984213
1.1016567
-1.0852253
-1.7874738
1.2634903
2.7051892
0.52155215
-0.39481334
-0.85315636
4.5544771
-0.95368033
1.9298216
-1.3073479
-1.1359942
-0.12104648
-2.0454778
1.6963115
0.39203192
-1.2558169
1.9751719
0.57803826
3.0049043
-1.1519038
-0.21086967
2.1141165
-0.071983516
-0.75887537
0.90851111
0.62809461
1.7251611
2.3714463
-1.3127523
-0.23027241
-1.3358857
2.8054791
-0.17897572
-1.1914685
2.672719
0.45394517
-1.3413785
-1.1329474
1.7565514
-0.22392581
1.0720782
-1.2067663
-0.78941181
0.47946511
-1.1501979
-1.7636865
-0.36230047
1.9952215
2.7540583
1.425141
-1.176068
-1.292628
1.7788004
-0.27271832
3.0703866
-0.66551118
-0.68730029
-1.2953039
-0.93810526
0.51121822
-1.3690539
0.79587412
1.6341897
1.150648
-0.5752167
-0.047811483
-1.6422668
1.7790684
2.7283873
-1.4607687
-1.6897978
-1.2793805
-1.2057112
1.6674298
-0.015196306
0.65939128
-0.84795744
0.80228676
2.2283128
-0.94689292
0.97024683
-0.26816224
1.0603819
1.2648828
-0.73552037
0.94944404
0.19087489
2.2038085
-0.55845
-1.6201001
4.6105225
-0.99340474
0.024019871
0.56080187
0.82989595
3.3365279
-1.4809756
-1.1900839
-1.1233959
-0.70088375
-0.66115047
-1.2181585
-1.0863227
-0.99038045
-1.0004707
-0.21519525
0.41032148
-1.3190838
-1.3893158
-1.1160136
0.43230579
-0.1897358
0.49557512
0.78273439
0.69296105
-1.2698248
0.35857689
-0.79488696
-1.4978248
0.47681531
1.0180366
-0.14069917
1.7833921
-0.72658687
-0.38562937
1.5310176
0.08712902
