-1.5928049
-0.90360512
2.4941946
1.4825793
0.54616781
-1.2130021
-0.50399416
0.30604533
-0.25960748
-0.75852491
-1.041638
-1.3434348
-0.40542954
-1.3279339
1.7796249
1.8373655
0.41918207
-0.23854381
0.9375789
-1.6774385
2.1680828
-0.83552851
-0.31114601
-0.34617103
-1.6225955
-0.97135978
0.22488677
-0.19403187
2.1184796
-1.6320191
-0.36591733
0.66227578
0.35887653
-1.4756693
3.5357944
1.9455531
2.0054146
0.60232874
2.0757126
-0.67206251
-0.20827867
0.76562599
1.0120996
4.0229267
-0.72159872
1.444524
-1.1157214
-0.57107279
2.9908423
0.39258608
-1.0314726
2.6829587
0.82340449
-1.1796211
-1.2907842
-1.7547738
0.74029661
2.9459331
-1.4831838
-1.365824
0.27615583
0.37853257
-2.0502047
1.3106295
-1.1993229
-1.2210258
1.4856953
-1.1790607
0.78947989
1.1975485
-1.3068901
-0.84770103
-0.84827375
-0.12693082
-0.83686677
-0.39655614
1.8551166
-0.90982553
2.4611133
-0.5163836
1.0754003
-1.3625093
-1.5849348
0.075888816
-1.2725987
2.8646167
1.1968478
-0.94674332
-0.75870027
-1.5610106
1.8366194
0.7428218
0.39027565
-1.4422334
-0.98412455
-1.8199167
-0.22156153
3.3032369
-1.1482956
1.8434958
-1.3791541
0.024678485
1.5556505
-1.7786171
-1.5896579
-0.98578204
2.4743445
-0.0068725386
-1.7608844
-1.291893
-1.4362106
0.53529128
1.6513972
-1.3258648
3.4911626
1.4033343
-0.1195508
-0.93550422
-0.60463812
0.30148689
0.1005113
0.22096799
-0.98267991
3.0855848
-0.83797609
-1.846005
2.1256541
1.0229519
2.1014035
-0.8255877
1.3912534
1.2285563
3.3104603
-1.0258316
0.011004924
-1.6564968
0.42006436
-0.84972031
2.5836783
-1.3570563
-1.5849348
-1.2202071
-1.1292999
-0.90014869
1.5824974
-1.2875396
-1.539348
-0.138491
-0.86590579
0.76870346
-0.84469366
-0.90448855
2.228429
0.84072217
-1.5596086
-0.21809741
-1.3434348
2.4764572
0.78457685
-0.88852407
0.3539181
0.97020079
-1.851395
-0.53828117
4.0519757
-0.37537271
-1.5849348
1.1231753
1.92505
0.28025604
1.688065
-1.4336552
0.37444091
1.0521445
2.7375575
-0.91174616
-1.5939051
-0.22039869
-0.96927685
-0.64873098
1.4067228
-0.68586285
1.5990989
2.4145067
-0.64698466
-1.1481384
1.1250971
-1.0203009
-1.5381647
-0.58836078
-1.6378592
-1.7876029
-0.19682179
0.9906767
-1.1304342
1.725206
-0.68644737
-1.2725679
2.7589193
0.60240129
0.55366099
-1.3109105
