1.0212094
-1.0029629
-0.99955982
-1.0005698
1.0099223
-0.99825179
-1.0007402
1.0022874
1.0143302
-1.0012565
-1.0041667
0.99992142
-1.0024213
-1.0006608
-1.0018408
-1.006065
-1.0084286
0.99893252
-1.0006562
1.0089962
-1.0047197
-1.0022408
-1.0019947
1.005133
-1.0029186
0.99919868
0.99898998
1.0037394
-1.0025026
-1.0055809
-0.99720313
1.0014353
-1.0047387
1.0045219
1.0005537
-0.99998273
1.0024177
-0.99965815
1.0168605
-1.0015974
1.0015813
-1.0025514
1.0073404
-0.99642591
1.011836
1.0148436
-0.99979706
1.0050695
-0.9962121
-1.0037586
1.0048741
1.0055797
1.0031692
-1.0011609
-1.0018352
-1.0034872
1.0062122
1.0044774
0.99769776
1.0052617
1.0038167
-0.99767827
-0.99970541
0.99890127
-1.0074347
-0.99915061
-1.0089739
1.0111724
-0.99809376
-0.99991635
0.99878189
1.0071154
1.0020896
1.0119513
0.99606457
1.0140002
1.0056798
0.99767365
1.0076869
-1.0003157
1.0103719
-1.0014519
-1.0000606
1.0229446
1.0002747
1.0148413
1.0069788
-0.99799663
-0.99647427
-1.0017254
-0.99786162
1.0177363
-1.0018649
0.99954875
-0.99891667
-1.0031096
-1.0007982
-1.0021342
1.0014665
-1.0049242
-1.0056759
1.0052199
0.99851479
-0.99911984
-1.0085502
0.99994013
1.0002905
1.0189688
-1.0017578
-0.99910342
0.99692294
-0.998624
-1.0032023
-1.005427
-0.99491929
-1.0031751
-0.99879459
0.99775739
-1.000986
-1.0033594
-1.0044723
-1.0035353
1.0008781
-1.0022334
-1.0023922
-1.0046934
-0.99746481
1.002164
0.99292256
-1.0036248
1.0093151
-1.0063613
-1.0033467
1.0051704
1.0189604
1.0025199
1.0018216
1.0065099
0.99512886
-0.99780871
0.99774256
-1.0038134
-1.0034226
-1.004117
-1.0048245
1.0033855
-1.0034837
1.0076318
1.0139086
1.004901
1.0085798
1.0068741
-1.0014792
-0.99788123
-1.0061887
-1.0038849
0.99698905
1.0007584
1.0048489
-0.99942513
-0.9983744
-0.98744985
1.0039055
1.0023742
-0.99835794
-1.005689
1.0089316
0.99827728
1.0008312
0.99355906
1.0062944
1.000548
1.0150636
-1.0012113
1.0087912
-0.99906404
1.0164289
0.99654316
-1.0100461
-1.0035588
1.0142724
-1.0055621
1.0082253
1.0018516
1.0181364
-1.0039759
-1.0008775
0.99170154
0.99942735
1.0151705
-0.99908633
-1.0014386
-1.0040588
-0.99777222
-1.0035819
-1.0054835
1.006222
1.001365
1.0002786
-0.99395612
-0.99655108
