-0.99904466
1.0070121
1.0094614
-1.0025016
-0.99842806
0.99829319
-1.0021984
-0.99885175
1.0106694
-1.0024972
1.0038689
0.99496836
-1.0016898
-1.0044321
-1.0011115
-1.0011459
-1.0021994
1.0075755
1.002085
-1.0022543
-1.0021374
-1.0019322
-1.0037594
1.0002174
1.0066661
1.0080818
1.0009539
1.0035818
-1.0014116
1.0027305
0.99821318
-0.99942701
1.0010109
1.0109059
1.0097135
-1.0021756
-1.0024327
-1.0021767
1.0048797
1.0003046
1.0071483
-1.0006569
1.0055617
1.0029464
1.0120402
1.0019756
-1.0021407
-0.99744628
1.0064715
1.0031959
-1.0002103
-1.0003801
1.0019523
-1.0057346
0.99492682
1.0028302
-1.0020665
-1.0007432
1.0010193
-1.0016039
-1.000571
-1.0005919
-1.0041211
-1.0008674
-1.002075
1.0037243
1.0019561
0.99933367
1.0037285
0.99645861
-1.0006433
-1.0005845
-1.0010474
0.99932894
1.0057884
1.0013587
0.99915975
-1.0029862
-1.002079
0.9997536
1.0001752
-1.0008991
1.004218
-1.0022537
1.0133871
-0.99784822
1.0089998
0.99899163
1.001922
-1.0004174
1.0036696
-0.99870894
1.002001
1.0026596
1.0072257
-1.0012068
-1.0008404
-0.99935859
-1.0013953
1.0011355
1.0066561
1.0054576
-0.9980716
1.0022152
-1.000713
1.0060737
1.0044823
1.0018439
1.0066385
1.0047047
-1.001997
1.0001536
-0.99869688
1.0014968
-1.0014759
-1.0020426
0.99669385
0.99892659
-1.0044698
0.99861017
-0.99980102
1.0000608
1.0059454
1.0071098
1.0093951
-1.0025495
1.0014158
1.0121628
-1.0017228
-0.99719863
-1.0019504
-0.9971465
1.0140448
1.0051162
1.0006355
-1.0031769
-1.0022244
-1.0024228
0.99889602
1.000509
-1.0006504
1.0034386
-0.99993778
1.0040215
-1.0006277
-1.0019746
0.99902712
1.0031842
0.99681222
-1.0005975
-0.99900555
-0.99661762
-1.0026796
-0.99926423
-0.99961404
-1.0056062
-1.0044951
-1.0018662
1.0071972
-1.0006264
-1.0049294
-1.0012832
-1.0026856
-1.001105
1.0001205
-1.0021934
-1.0018027
-0.99982349
-1.002284
1.0037399
-1.0005138
1.0055701
1.0065439
-1.0005418
1.0052824
-1.0021294
-0.99929792
-1.0038995
0.99874818
-0.99771527
1.0050096
-1.000015
-1.0016995
1.0021796
-0.99677143
-1.0029612
-1.0008612
1.0125135
-1.0032636
-0.999544
-1.0035969
1.0050806
1.0002662
1.0017792
1.0071438
1.0059428
1.0078015
1.0059891
-1.0012586
1.0003556
1.0080626
1.0013937
